1000
338 79 980 299 80 779 92 201 944 89 336 844 803 631 840 206 520 552 391 629 443 518 122 118 849 835 335 669 320 497 562 661 333 239 838 129 154 391 875 291 239 923 643 877 574 273 499 716 636 78 318 836 790 454 94 836 400 265 545 175 739 498 1 296 544 294 859 76 145 6 630 161 788 454 748 790 956 854 580 81 889 857 371 574 234 660 520 26 554 487 185 957 160 480 581 88 637 664 909 909 429 869 234 872 129 610 273 100 163 813 617 294 108 576 72 666 144 777 877 904 582 977 468 496 832 660 151 311 808 539 383 157 304 900 406 720 481 459 742 332 771 634 241 369 905 933 15 471 555 488 831 69 232 23 676 408 12 757 409 233 60 414 875 567 505 486 748 846 53 944 117 409 643 825 43 21 751 421 760 124 520 221 885 938 621 887 345 530 385 57 892 204 426 925 21 243 122 227 635 880 585 928 758 470 359 992 485 906 541 211 541 901 245 657 375 242 823 515 339 211 940 448 262 927 66 676 986 901 271 23 12 981 427 929 957 918 744 113 246 502 555 115 995 527 963 913 994 983 676 65 44 292 325 895 415 859 304 627 55 918 53 287 398 496 153 758 726 55 184 439 101 961 40 988 698 496 415 263 426 588 433 716 661 435 851 217 697 745 723 362 767 716 960 782 444 983 162 638 8 411 763 984 868 820 868 564 553 154 174 864 533 60 850 201 556 212 176 705 915 8 799 389 499 117 989 646 530 522 668 824 698 671 973 303 831 805 903 677 619 990 190 227 184 775 273 242 443 231 148 679 432 229 9 353 103 900 719 683 608 585 542 792 62 994 717 606 746 376 42 188 471 425 14 735 561 375 445 262 4 500 916 808 745 137 87 281 399 924 563 388 124 719 803 6 660 872 139 177 478 642 59 593 210 690 910 59 605 89 808 290 820 268 505 535 998 675 161 63 979 816 996 550 763 316 810 176 681 355 290 292 45 798 229 736 685 397 816 400 323 108 748 849 655 140 131 692 794 423 433 588 257 888 648 704 463 281 627 172 172 323 48 916 308 34 865 50 395 242 514 872 14 846 782 873 261 422 938 605 172 24 99 307 199 294 953 88 216 569 351 798 879 259 417 793 339 163 32 99 138 599 989 866 365 63 917 335 558 22 283 400 576 944 716 586 845 660 995 93 375 970 420 280 777 84 981 668 507 48 732 402 504 860 459 299 552 386 759 613 837 999 753 276 911 303 1000 840 666 267 224 288 651 442 53 156 433 865 586 404 995 115 633 256 755 831 588 676 521 108 310 720 436 146 847 794 129 820 738 905 49 186 527 662 468 754 52 657 631 960 703 571 185 750 42 649 381 618 177 215 184 420 742 467 257 581 94 428 606 982 607 295 42 872 643 121 738 973 655 961 347 776 985 582 197 367 287 922 209 153 799 887 324 125 692 840 35 563 299 102 277 814 969 52 219 904 837 942 193 596 980 63 452 801 565 200 183 14 248 399 240 571 692 649 960 751 453 47 498 194 269 771 100 661 766 899 444 705 522 541 805 731 90 477 681 416 730 295 507 330 658 766 701 111 887 542 521 359 957 70 299 157 970 534 904 843 477 181 863 130 619 577 165 841 617 338 925 607 843 144 897 170 288 128 917 580 305 492 252 873 282 500 298 803 298 151 39 381 218 163 866 154 447 581 707 547 887 35 688 44 924 278 443 258 567 382 14 463 167 773 22 969 617 487 82 131 302 551 21 579 221 991 147 911 177 554 169 363 44 450 517 802 824 206 877 631 127 823 580 674 55 805 568 657 501 661 937 875 851 218 652 29 770 442 802 707 601 848 210 125 571 343 520 917 13 862 212 749 926 150 494 393 659 622 92 777 603 53 234 793 56 487 420 578 577 290 704 787 688 966 729 447 728 537 912 870 579 413 347 487 989 87 848 126 631 363 923 292 656 142 104 854 453 135 647 984 383 846 679 488 804 470 742 349 7 386 267 149 230 203 655 146 862 8 347 886 234 750 807 386 830 63 970 71 940 178 394 764 135 616 293 746 345 273 295 576 987 849 312 36 147 508 107 897 332 535 997 359 283 491 997 507 607 37 775 29 950 61 814 635 423 257 733 756 699 501 551 28 777 937 939 568 195 144 83 480 419 17 467 112 261 377 360 881 270 811 585 437 736 341 587 902 762 433 743 214 973 866 111 581 773 51 993 852 554 891 679 631 131 901 39 338 305 468 514 899 561 308 97 321 600 289 677 422 687 37 351 557 252 150 786 155
1000
946 907
594 478
963 849
673 151
516 288
981 513
860 846
694 427
703 29
509 798
724 612
502 819
595 160
666 183
232 890
118 851
32 730
244 48
655 490
999 181
120 190
531 582
198 785
627 894
868 37
746 786
984 788
693 889
884 398
416 961
343 989
776 519
515 567
270 560
501 831
234 828
703 162
155 479
705 750
77 841
996 589
726 921
640 563
429 283
871 921
891 484
422 532
619 817
388 488
117 205
59 308
434 885
177 152
631 81
229 301
50 2
146 467
413 156
531 653
213 670
309 632
679 791
104 491
732 481
687 480
123 709
777 506
282 112
108 743
719 797
425 173
178 57
989 230
564 973
433 370
883 625
136 129
79 878
828 520
330 251
5 374
340 892
268 330
311 239
918 67
365 921
423 736
653 51
65 853
400 426
437 231
627 163
485 768
432 672
701 154
833 548
397 980
632 699
501 634
61 89
697 805
406 76
165 919
966 398
562 255
681 826
541 522
744 414
463 994
211 737
122 263
578 742
668 42
185 864
927 670
566 922
528 737
275 504
445 124
503 783
1 687
702 947
755 730
933 182
368 941
19 213
972 415
563 342
347 830
438 327
449 990
304 963
506 308
480 596
426 357
783 806
521 260
975 365
404 490
859 762
284 518
26 224
490 493
920 221
253 822
511 15
824 416
516 919
611 959
872 68
31 260
402 742
443 805
327 558
908 448
916 963
894 175
248 886
563 499
270 941
873 347
916 678
655 492
291 791
971 976
312 821
835 64
594 889
916 961
208 696
602 639
697 241
551 286
449 734
717 16
757 362
607 771
108 873
749 832
813 109
135 726
819 711
536 563
825 243
604 925
781 452
754 546
444 388
892 515
550 289
140 262
491 997
287 410
712 998
301 749
142 762
158 294
358 469
121 554
765 758
396 574
9 160
726 459
111 637
281 456
419 946
658 240
915 180
436 794
485 889
679 669
205 906
798 172
777 234
367 992
596 963
890 937
614 143
167 511
237 650
446 378
20 566
101 557
112 157
478 20
40 849
323 378
702 75
320 3
136 369
885 447
857 553
268 549
911 97
396 889
200 165
838 866
764 620
728 154
77 31
52 359
198 294
522 213
883 71
20 649
796 582
879 89
127 272
588 61
544 318
104 67
574 562
84 918
265 321
688 265
576 599
568 231
668 878
651 32
333 164
692 293
227 304
792 670
753 866
177 243
621 431
714 855
233 100
339 803
378 419
98 500
775 309
328 180
796 228
30 192
140 510
152 271
612 874
718 300
776 410
487 645
204 900
372 120
517 804
555 986
458 309
35 955
767 585
415 372
128 772
948 685
136 862
788 970
810 578
349 115
672 540
742 469
18 614
586 84
9 381
701 524
957 723
152 763
197 33
669 717
4 568
63 651
812 926
463 299
925 854
758 648
688 544
475 436
156 760
129 228
889 819
945 275
550 85
942 278
942 167
909 559
128 466
766 14
994 887
493 552
937 636
966 610
72 823
262 706
567 72
533 369
135 141
605 746
294 957
878 369
523 790
510 6
216 201
978 491
613 248
838 796
842 890
758 181
749 556
340 704
581 846
419 760
700 977
423 660
528 673
60 467
750 406
686 853
941 952
639 312
653 860
14 985
826 819
859 906
916 943
219 76
211 73
582 840
998 844
479 824
676 122
83 14
322 3
287 828
378 695
880 652
768 440
755 186
5 918
936 33
275 756
65 23
711 698
30 989
428 142
329 799
457 449
226 215
653 279
927 472
259 657
747 560
543 68
592 544
311 915
932 39
132 445
7 229
931 746
884 545
345 696
310 343
231 65
734 922
919 944
803 630
882 487
767 744
617 156
852 776
287 707
231 19
846 295
138 426
248 34
251 680
116 181
50 842
483 575
273 886
423 205
946 923
902 947
9 506
923 326
163 799
93 587
188 314
923 882
187 822
791 685
299 644
394 369
648 512
188 218
457 226
816 652
621 217
60 77
439 209
690 12
772 987
33 883
693 11
695 573
988 744
980 136
617 692
58 387
91 114
559 904
81 837
251 568
606 555
892 476
597 414
645 278
881 875
555 510
770 278
869 840
837 989
403 660
22 540
575 743
815 307
93 572
789 363
81 539
89 297
469 336
944 833
941 495
122 842
503 162
817 165
216 366
489 933
129 158
400 928
19 315
79 342
835 1000
325 769
94 547
66 876
433 324
761 144
167 446
389 529
306 477
317 126
945 825
331 174
607 252
561 492
193 907
233 250
877 147
909 833
924 226
250 697
420 279
933 263
473 638
317 77
32 968
804 688
120 567
349 727
760 11
693 543
409 540
795 388
210 594
206 462
332 68
408 149
133 151
619 497
115 998
585 148
900 302
221 159
908 472
630 844
379 345
120 57
61 153
123 939
734 507
614 193
119 86
782 275
748 598
621 532
634 658
122 935
969 942
593 896
427 583
758 891
616 437
777 766
792 160
973 201
427 513
535 203
611 158
202 149
559 416
567 426
127 873
266 872
764 167
628 54
604 442
972 318
37 772
731 64
431 410
107 311
939 948
833 848
104 949
984 628
318 389
688 41
911 936
739 22
235 375
368 337
599 228
551 783
701 481
233 489
768 805
628 75
151 806
396 799
451 139
913 379
294 474
829 394
394 447
762 703
659 132
957 945
681 419
662 5
966 981
57 589
16 782
385 775
896 434
358 151
221 202
705 78
444 786
605 540
517 451
391 443
795 112
182 347
315 327
452 418
873 122
598 290
687 383
382 56
712 321
510 876
120 471
684 787
486 882
922 247
692 379
207 663
104 953
916 823
129 636
575 827
695 483
226 768
123 729
191 189
159 620
619 152
318 137
782 271
523 543
886 539
917 972
794 890
788 677
664 14
391 139
278 280
585 219
139 244
140 646
1 4
602 385
786 104
803 846
347 24
428 126
764 368
192 438
741 962
342 582
758 496
969 254
842 462
738 491
311 428
660 183
812 198
966 504
587 717
547 915
413 454
639 654
485 807
35 370
598 931
491 674
110 616
284 477
490 372
259 242
747 246
217 710
684 551
454 696
122 954
64 558
62 144
69 527
600 308
420 166
759 864
1000 629
65 239
90 308
754 515
806 239
251 831
771 993
713 441
270 157
971 596
247 626
349 229
926 836
469 458
942 699
955 650
728 367
821 736
80 396
300 388
769 80
511 212
155 428
934 730
360 522
267 336
573 541
940 209
435 60
546 934
225 91
964 990
950 824
431 855
938 569
939 903
876 442
86 425
58 903
187 353
754 708
83 713
33 548
885 422
621 185
615 388
215 555
500 176
262 761
947 736
3 385
632 82
553 153
199 505
201 788
747 951
994 599
379 147
15 189
410 629
64 307
448 604
154 373
101 384
98 474
4 48
603 96
372 842
820 556
41 774
680 661
89 50
791 828
925 509
537 97
90 220
864 221
188 139
44 602
952 894
624 369
256 548
164 120
698 235
555 526
636 837
822 228
755 922
905 346
129 82
305 106
501 201
420 810
292 410
268 695
79 75
328 841
57 84
795 872
204 437
344 390
300 678
413 232
667 460
718 349
279 721
910 478
148 242
412 463
600 427
618 734
189 862
572 235
110 554
533 4
450 191
277 117
836 515
4 201
257 563
428 66
443 111
15 306
555 837
899 31
435 855
242 339
541 272
663 310
70 163
386 244
154 215
867 316
750 96
695 607
140 189
683 295
788 231
729 879
93 531
70 703
611 220
894 265
614 114
105 770
571 971
995 573
566 855
169 619
401 720
495 725
605 672
402 610
372 384
361 129
38 955
562 243
439 801
325 810
273 763
228 159
65 983
82 342
1 839
551 19
637 800
262 110
938 475
39 615
102 839
3 545
392 963
853 908
516 47
396 615
808 208
49 264
943 820
656 537
581 690
941 383
831 351
942 745
121 142
441 55
291 757
237 516
255 666
811 711
879 609
499 693
274 652
998 474
565 486
115 360
522 752
893 793
558 239
818 264
732 758
256 198
140 508
826 580
72 44
218 630
175 1000
903 330
282 189
211 132
786 404
776 179
545 110
820 885
269 373
849 738
58 657
701 132
580 421
418 904
385 367
767 518
340 293
814 747
778 787
466 725
677 561
519 448
636 121
741 656
710 894
211 161
24 184
173 110
475 51
381 133
505 895
58 680
64 849
981 519
318 873
285 541
501 266
236 580
419 766
514 716
783 942
786 430
786 13
675 403
982 300
158 709
663 655
661 460
237 742
752 694
288 826
464 479
448 831
828 641
580 591
708 971
180 185
944 561
256 913
73 314
309 791
365 980
432 8
924 509
178 479
335 392
456 207
153 241
545 570
918 12
456 864
17 53
112 13
388 546
863 886
905 477
266 62
462 803
957 869
299 417
853 276
895 493
67 850
85 145
354 268
21 150
320 732
574 629
158 121
548 999
608 25
468 983
530 634
437 27
994 691
677 524
195 808
306 656
535 686
383 322
73 876
584 679
701 527
53 590
283 124
224 540
978 67
40 47
936 121
5 843
26 457
355 573
780 746
12 106
396 62
2 433
323 908
1000 1000
